-74.81534
-60.29697
-63.86748
-75.08923
-65.54648
-59.74628
-62.18063
-70.82767
-78.54318
-80.08815
-57.36859
-57.42532
-69.07784
-53.69085
-60.17240
-60.15109
-77.65109
-66.65642
-61.01997
-57.92346
-65.99600
-83.50426
-73.29460
-63.34826
-57.36649
-65.08676
-66.51282
-56.03758
-67.03650
-77.34093
-60.47809
-64.71928
-61.42051
-60.62630
-57.09852
-58.83606
-64.60421
-69.36289
-57.35739
-77.64689
-67.02831
-60.49311
-63.59512
-68.20247
-60.35537
-81.63406
-58.46302
-78.72499
-66.65049
-54.62115
-64.18195
-57.03463
-69.94691
-56.84633
-57.47849
-61.19937
-52.34053
-62.41125
-58.80431
-62.18795
-54.39323
-62.96005
-72.76108
-52.81937
-71.89434
-58.37436
-66.01075
-59.87925
-61.65448
-57.07857
-55.95610
-69.63567
-51.64950
-60.39200
-75.99346
-59.84769
-62.20787
-59.26248
-62.53147
-54.91654
-60.16289
-52.99839
-61.50396
-61.52491
-63.04719
-62.44435
-57.38847
-67.96837
-56.25833
-69.61324
-55.50257
-63.88506
-68.64243
-69.27861
-76.46976
-52.28426
-60.46966
-63.66139
-62.22608
-54.16497
